282857941	8556923	254569304	432568513	920607490
879279021	34811854	20067535	950840057	506975118
189791795	308641773	397794220	805485063	692778586
700964766	523714123	337687566	549355791	752074437
891592537	480442255	307391955	432412980	551481506
800609296	811211192	772994603	471704637	390294916
213027742	88959668	894598559	751773652	340752667
165152612	237798301	180071954	962058194	898528903
858569275	761401967	761549319	440771391	698224406
177047312	549947108	392695228	312364896	339495006
786534959	201299135	633148063	230087358	513310442
895122694	914869141	173243736	257751615	250065814
761794965	72367104	746392767	162081643	872467363
230048858	74857246	549348906	622755628	669780566
922921259	72979316	18857709	397267054	489395067
234790691	367181253	972698994	785123396	849484115
173445309	823826315	384078311	481426721	949795866
684296569	256805319	426529363	228709330	440849086
436055962	997370801	376311784	65596245	171285582
286879772	935420195	234178635	988872220	333894215
62918984	167944013	35303764	168362729	687203666
31112711	153318405	334403742	287716229	697385223
955574054	105865003	725142068	421536300	190017879
337458287	869920361	640232554	813421628	952217715
953768766	821599432	218689858	408965805	139557469
810992507	842379125	881574309	719148943	566203139
277296421	373785290	473323396	705479898	692166167
250925848	94337559	948730880	325615385	87532933
792681613	834816975	765186576	323111417	724148852
350697830	352660858	466647622	970354204	720170628
322564774	238434105	387300907	127499073	394794316
335291453	99209705	752283773	713088996	139161255
999570759	817745848	322050517	452518021	456424697
266179754	21032927	910212338	178723042	194204639
60085828	892508526	18657265	965172663	342174255
336435134	141670775	361728428	557242771	899403921
796064521	960545260	525474189	547773868	771339297
806383612	447436028	411413433	919219111	942068363
660520245	975817573	914127701	126277615	582213116
744459271	383405243	622605585	364597720	210080626
732737137	675272882	598608152	293469881	346848281
942429675	856145241	890707357	90261986	417384630
350263471	862475297	337210471	689195976	175257524
477094266	197311609	841549322	371959738	370635763
812852915	98475415	286841712	469986120	954387096
77086722	932338811	810791269	225711532	941317185
845714387	637725894	666135054	938953003	6720574
263911430	16225732	392400851	701299303	609170870
954531224	919756399	770637130	520773125	760054072
559134039	843763087	188839436	653983159	731424484
991715527	249507130	605156814	599723672	663485137
515006228	177866151	656264539	642279740	459345431
526286187	633025861	653652114	497618278	780142784
250040970	186385203	254903846	79607418	384694162
930855091	960618072	939543757	439634170	511010030
870347688	236197137	171985085	100376669	619121044
515762304	766722250	391398791	74844094	609006903
183214780	14185716	91182860	954943826	989664339
614488340	482929799	46429702	401943967	546194836
78822720	356989866	956068636	319657065	881834431
892893924	556063917	746647507	815250377	78508077
714924711	64746980	764539923	751616690	826884882
556354347	806418434	554056524	281726059	768660159
250445228	972125059	389603107	30318277	373868686
498861077	662366731	199227986	934456162	543748847
400272783	778059325	641387579	752516527	430896247
516747263	91563685	908133055	871080321	230453323
240614906	771061391	376283700	582500967	311131799
499057364	701741166	444603757	299688352	25040837
994405708	66418767	146673700	845316083	821497432
654610351	587040745	535029427	582707021	572101047
787793528	356929723	653026697	26809217	491002031
338882066	768900580	738837742	922646350	593811599
39406250	425559321	818341711	882019115	40128048
661879638	578175164	963787902	436309139	175706810
936292250	489582185	701593724	459805515	549509326
646304270	770770254	340119147	705739697	726371259
706579060	848246438	917650616	448202513	296238674
544007722	214614056	548693881	601511899	470333993
886975203	92760623	948187483	404347354	162429950
593032841	278229755	930167348	582015786	225910947
48333527	348937064	69819698	558575440	312172873
850811319	303889844	653189195	990484482	259824238
109926379	540242374	467509089	674067316	733746205
726864914	129392238	943591069	735674105	597023714
815629941	320432908	563260315	168984566	262114768
899779059	673557384	650243090	981134495	110534244
141491044	222352123	438777957	436868198	949770322
169100461	499331728	636311950	91053124	697833568
904360451	387487357	652415793	969077333	646769294
588362841	586366480	990135082	35900701	563611582
875949528	187243552	878572836	991316393	490747294
3218338	779715887	792354935	609720829	246991325
993979992	359140076	63568320	340408345	61258588
121412150	220725828	177847006	185023866	326826807
746543757	671793130	139960370	360709094	416452732
925588317	420169581	715013638	514388925	510369134
540872533	163196315	182785040	325246659	396965257
491360443	414270584	83357278	508324736	391032864
735993250	544517626	548393480	667236709	968983291
420106267	183999324	836299891	463217932	366521594
877817845	256522086	953951413	242538806	942060517
50633389	768337020	420897974	795280411	414684804
35439755	74449452	374399254	531806247	959340892
791469285	770911514	541303643	374484034	576978201
637976155	690916425	194364963	724064662	378196827
324578995	103702496	904505287	470596725	571420604
936184670	12591674	498303434	402319638	343520796
117029776	623319112	224890604	174567220	159315953
734858436	868337966	428819869	176442065	111201757
426173855	330009294	504646415	522810846	628957716
75321649	698772334	736065865	823633292	22980119
633200273	469951881	7468459	462600091	30379228
101317237	433233251	800685390	968772543	348325473
316644508	293344919	570319296	366469439	657947214
514837291	875657819	124863056	371126678	274447157
864616194	539971387	711602523	754844439	823705366
512627168	196383109	531676450	256424405	116200166
937626122	721981174	591101899	77725697	76151027
45745615	402258271	81667943	915011466	336944761
483545304	272245593	939460582	577799204	226688128
966836174	57203828	336225269	160367463	468368262
812204011	294130072	253014613	844453838	955411235
804532076	918797914	782935009	813084207	85755243
945054376	639611439	289015754	65017860	592702607
904288249	570344009	831010419	898514122	983497305
522282949	280534473	839011583	152984801	792116025
873817369	82875086	537968139	636576911	708033384
627294598	577284736	766832771	1948245	665869355
888605760	562458264	432919163	867126368	123352047
155316412	25281808	711996859	709196614	756056806
748890994	897319685	691474975	924623972	120706259
690886233	545052323	787127935	865968192	503266446
540518572	817317195	344192885	929348571	162088043
657125218	776032843	984443688	807476809	962982053
423964003	777105755	224492404	631169624	360032297
452242221	589582925	426582038	909258116	603288216
45012119	731946910	201660602	94312476	517427145
58981928	264005223	698452119	512369007	369877739
922914678	380883479	270326508	235158108	779155942
140292412	317745762	729652667	604614194	488884622
660099011	397100963	161436628	351908173	432752938
86399456	360797884	391014532	537274017	935641162
314818266	811738063	842110629	116800549	802741552
442425059	73192203	803624663	600945073	501996293
14827104	701013796	154030811	693401488	86835832
363712609	610096187	312700184	21078519	312522426
597876775	834670788	961994612	17401218	304022166
549682631	924136656	714298454	6944796	394844087
188775413	772871788	253533242	199159130	963175754
726233373	673534164	342739045	97402434	671083709
841114930	911267761	205428607	64152388	926073287
370609877	30118673	576487999	176146055	678389846
993880480	233016917	54535187	4237249	398973469
565257356	5550820	709578728	401206901	255781399
381928260	622767029	124940232	947404498	994622002
900983127	888074354	451421407	179147805	173942041
62647055	133834611	354759493	320986464	777036362
801278690	645057032	422234355	672512381	146906177
419569191	465818468	616443989	963631241	557122977
159429940	411877211	253941113	431214991	506142217
84398449	155113720	101948096	53970766	112334282
953788744	63846300	515486215	510487497	677953289
295984977	21685452	275964187	143614847	800878735
105396500	601561490	987304713	977723433	987463462
805314626	424799348	715379074	31997241	398940478
315820722	937453122	470853031	183556806	473309265
390275296	308660222	627687212	81641466	880247779
356884840	593633083	233885124	997243580	309194095
572851916	900600814	538951736	149378438	844798596
241255109	645956940	144585710	764496841	66364128
341728210	830876031	609060078	538560595	941765798
710463126	258012030	249619188	229800940	328864056
264323785	822559938	598909800	877848614	725435193
855075734	865162560	898739185	632070840	552028189
474976975	628006820	857387048	176347279	376814081
289722778	156222796	565831853	355147307	444784194
984793983	134134784	656798682	528521649	602535652
798941868	840045464	480999500	277286875	334634738
436708164	808079666	638864233	452117869	161732275
767274062	152681503	520257463	775593166	24587612
715051320	726096737	250550413	451064342	468558092
518162834	448385314	889857170	671723397	610737153
516990906	470513579	461413417	960324640	271340248
349032384	536586125	517383475	534460767	825162464
895062290	990232098	942174908	965244243	976928041
73239264	349336278	737898630	585552418	813487779
494538708	786346204	622785626	834698052	350676881
242431149	582505605	840224301	782165014	381632935
381365259	693997683	980341772	313439190	892569864
855585842	161883467	837521137	846227012	203501044
324982486	120713036	499362714	403475104	691095540
11302915	264611634	670246629	728537857	353136825
930849112	835420253	973743510	131344580	552858217
448983203	575337938	312517586	46340103	633241525
742931435	18482485	817475026	838920367	993744675
666719379	13448396	678874953	5507188	844039265
850982034	970198212	999442879	979762545	717096483
870847083	40328642	615768198	957689771	857333824
205715614	291576707	25672350	851295787	819574383
308142257	158525187	572714591	287566060	736953220
564132382	466301410	868722890	407190199	926178703
394771863	725903439	478047517	483427194	615146118
301499363	542087932	928571936	708713488	331919411
1494541	817976729	242541255	96219275	951763618
611654835	531257772	735964985	927681209	969895566
115219774	679457419	435842355	494926335	18306943
791323060	94412389	359242282	569229756	278492228
246805459	739195227	127272633	954889438	416932351
262712173	594750201	289192581	864480580	482108617
968768865	125668615	527640758	263100395	474399295
941226534	833534332	989219109	263577637	584310051
743775635	583437640	900778660	646648403	206578754
447739755	325177523	691633824	168328638	126956504
68252720	869983670	393949802	480079785	39943008
17100400	107347127	391661299	703617845	251180184
142740224	341611559	63379949	267630589	413253045
8009214	819256161	901632862	807949414	441206299
716029166	84300949	319036348	794901067	492874160
240457553	861308437	41133525	564961659	846217151
546792315	68030152	371139340	571666210	998317657
312470981	396789037	997318282	232534026	244700897
931411864	442563373	484543288	472245587	481446200
208804452	497519893	283940381	801798017	718398123
45958234	447802589	246478408	896745916	29561484
816271424	470167862	519103035	882518492	902114942
903271724	806792351	956525630	248441615	636577999
847737162	271436867	648363092	24102643	518669844
853796032	939202201	91113048	472789477	226316223
40965729	961172825	459343794	13538733	917705682
654065714	830780243	207349265	767670847	763922588
963488762	548645359	688279012	228654433	306892829
306332129	225331302	67462295	819648226	699563958
906271235	962895601	316367943	594674313	342405830
154034173	929501605	441530433	704724159	324451647
140422469	914394106	553323709	547798286	192459605
757144789	292595775	951908387	496079715	175626966
809636257	797056006	690822026	757167861	770294843
489366161	149079410	967764344	976081650	33975125
698297384	75462257	374465238	603810064	248651717
765865505	78063078	128963660	981620430	922417049
884230851	822784098	178682653	737708426	112127110
323674066	88930809	357475045	335690381	501345854
693763052	505298834	75725849	393363830	911750723
564530586	646730128	923473511	405059542	765422340
477932076	865037984	232902113	754672735	886661547
538558931	723888348	930267508	61282647	835974233
382529473	898559231	904786282	265297772	798822942
757622619	713412808	70326953	366824901	604709150
274927490	567508004	786008111	286429343	624906797
365698227	727959941	385685843	675759838	445872177
702420310	135597753	28649809	767291835	721396028
421093369	225576206	273925143	305630750	73489218
204761169	821611310	473083270	747351267	230294967
52057417	951044165	970711900	555691255	811099241
544892430	467945975	960628632	559160600	110855961
173552739	297954508	244583258	986562545	321160769
15316629	570291470	843735968	159993757	352616197
584693925	316568472	221172003	219569117	577412096
600000577	65388520	190647151	340371344	807701831
665433690	477787824	910001155	319571828	128764459
546405061	372986919	375981748	194741043	496978155
75758422	117798892	951936645	966909266	532394970
976289725	91696238	98884714	942632038	176187357
84664450	424934676	356535075	174918877	844086168
941728084	236021915	258067160	862063281	21376120
816548912	956130520	982613725	407746246	908982366
330089088	174413284	888932574	288423744	610147667
466205810	289714430	613308968	928517605	676021109
553229048	184851253	399793629	427253624	251391806
384325136	125058818	298162056	238939523	314013326
513959817	5912932	80271964	136823546	281117236
328829981	778757218	834279198	309697806	225347797
291399264	615548198	57007828	937771708	960674071
883308854	30714118	304345545	326357324	757600305
439593259	405231295	705180448	193649605	116434203
487919073	353600135	274741020	331263992	200190508
877123794	265035438	647451706	663181088	498126851
631443025	807082519	943937054	404239595	142295955
795229175	255609247	725900976	453661042	776369276
137081439	929218162	853287573	601480553	181175988
718177500	622343585	899119266	222091799	846248892
355018844	34852283	968495275	424350826	167529760
242659677	971083199	718865576	870847717	698405860
402493049	347259312	497844887	203074938	532129100
309298744	984472946	880668742	529316400	604742307
625547588	48525273	320262830	670381721	603921633
306076864	117461128	204291313	601767582	366453890
299864072	173281701	237910909	530122052	927324512
227051448	787947060	708807811	552282996	966116283
918118284	765738987	565625442	72996607	939233406
6179432	39810227	871879752	116458200	100955648
862677763	170241264	971539818	223833366	481516805
40962257	861085198	381366508	5285244	310686503
124543462	687388769	564973399	83828862	747680167
816673941	128687203	550077488	694559584	646958872
273221316	765038475	953645152	550967150	973661609
567380141	57785940	78008211	502083034	244272499
377196394	478772511	400103435	756245767	260690978
447303641	207191245	85014595	928180512	249576431
708393917	624868976	240105577	300160304	282353444
34326280	406415655	240682721	455159737	933645452
128806110	953145994	336483797	754234561	958173042
949309774	388671935	155256241	813935920	489119941
398942283	628165020	881603885	291200619	13597854
789666368	205407782	988748897	896102034	554977492
655139288	101757590	659427464	231770131	927988379
394585386	137577071	593822760	864697757	14857288
326971658	212749548	940722375	197621282	920159336
167178410	292136391	33643710	775164819	213473025
955095732	196048699	505316450	663185408	216716572
618978370	738472709	700864331	679549011	68000418
397385476	302136154	269521481	567294217	117437535
939461572	934754541	219932405	455231753	822475669
24858408	721015123	231032207	28216050	153986627
617435347	573530245	608462061	635163175	114287565
755560050	514206060	854388993	865165054	234755525
167238805	47043071	586596453	969693127	672704657
852007770	29911545	298125999	673625590	784924597
178496374	420520084	5072705	296849001	401172388
4832853	266185872	791397127	843257085	424746701
448503460	595967101	435206144	213206441	939712583
563667789	774714719	650821652	795444022	28260128
147632702	850740276	135363546	765822548	814725484
474135475	314244937	974296615	911059024	650990146
391052429	448083953	90182801	68373473	507983197
196836379	105052374	269761348	436137349	16289799
114818745	630799097	4319087	540671274	559582860
665802060	201148846	774525635	24986912	843130474
876191707	374945274	384429925	346282210	910980776
182920897	306058344	153632129	154799474	774940310
413119039	712904915	829829963	124166958	162698664
213397947	977926743	300742566	796182143	299606037
752356	661471682	381510185	232915759	655524740
490958228	836855246	58222740	879723705	812469886
891281083	130690714	836606119	913293328	310467153
521012249	135632470	743251966	791837187	805097861
108480553	496441226	791150543	95695340	39019982
870169868	558410925	179785401	67274806	814150170
288817796	452438737	841570770	400763303	211600331
599535428	648110704	228898089	305477082	228003604
222854432	740444353	507995062	744711951	510557440
131507874	34507840	895785494	879942112	399149802
22289954	375124608	872895766	88804433	88393631
460971631	107775196	507469915	994392183	315343896
172395812	213585167	317853168	466849121	713215143
99713764	277753417	922725146	123589612	939756554
65231829	773151700	93595541	878896540	978771866
487990307	988072144	994867270	681235380	859588619
259982051	286025573	572414958	243461122	295896427
424006605	903961465	722748207	552261193	185790284
672849887	328596845	716426832	378396108	982619833
721908452	822527448	246329259	347601905	792814311
885771657	562357030	580784897	567809252	226383640
900526882	581015730	527718252	702343033	32225914
912081209	141453319	563398471	642139718	272732342
167822764	575391544	677586857	447458743	496552959
292631591	174848541	405968791	240647996	23918680
68672939	575997434	642522531	154698655	947776998
382622305	520488750	649169307	852146477	594927919
69325795	238248448	990195433	721372909	8128477
307679349	421829802	897229531	739033688	776960378
236376842	782222492	942179	322744098	941268116
843691486	396024307	922941382	660137483	514916259
445225713	452375261	623403212	257959071	984942959
430705390	957190741	220150811	221395954	466079223
346822378	624270988	104294594	342156238	28569306
728919011	836993842	962051686	866355780	736306713
943595712	868391476	656903411	495839671	564916910
771772353	661227633	782736577	706891145	130189203
790491204	896307166	845413612	439980278	863901498
664543120	412232662	264388822	639115951	822345347
815448464	221733111	925830098	500818064	462602572
834366968	310038234	310944703	95143138	568841146
452064074	829291264	176232498	62089251	105585989
482572776	246847909	831243033	931297154	544223144
316275514	241216096	743924310	407023711	871712496
788794769	851540778	539001693	158913295	614589181
196323911	326080962	731218822	215552748	537967930
306181954	659402407	4579219	626586944	167678247
169336359	459175368	639612648	283494749	128593791
153666045	444368900	254717053	348531614	659475109
818081931	240503652	701518002	593741414	92470771
518575300	682820192	34404651	761559467	83415579
92965671	864797971	807848340	499016638	330235795
879795339	772013538	353460487	757390904	598276075
318092207	21626421	768239059	459010154	939516154
403755184	574424203	436794978	20609394	672344998
529213243	652925400	759484346	452248093	292653698
881123859	425420447	823318809	147213017	998277505
695824187	372951908	205187576	965643929	661587484
705436860	99507744	168318866	352165838	556821283
300525496	916932972	53677729	941007702	640603441
535252536	950194020	565984253	582355120	255752605
778738393	689852744	739319061	512498387	172905672
597252333	356521505	933144445	303634982	105785308
599374938	667051706	544792986	165807152	721501157
717476226	973253695	311151890	90021001	126369398
471973984	613773236	890521099	154464161	160620479
132731041	251050580	400030926	110466554	507416802
451013257	692569039	371502624	258359170	961132750
519707683	216924407	292231139	437009820	702873811
189193049	307108608	978419708	783383974	22720912
196266582	221058186	394560002	35782188	544461944
762370436	411038714	35348147	841448619	85662470
221042336	310340557	90973433	627724816	503452753
364667989	791234679	669359120	52996655	265273461
974512151	544705592	991184725	96484426	609876726
88098652	501319699	243477488	931721785	14700868
364823377	213369654	131064078	73167371	538166983
268848353	601522093	765659881	59359911	285441935
68528451	3724235	547917041	918855540	787528784
399998966	199874046	731045477	793592452	760913867
858311097	211819533	710403177	529121721	21223543
212423047	810696028	856072922	26225663	175858906
321084226	656852990	198502299	488250518	896661247
781660897	571225968	216015249	41922039	61522410
88395118	933657289	565923161	261171087	271371946
582226249	135491327	311839809	917684068	689323879
771332874	684937957	957574996	920196486	326188662
583304846	126246553	684075056	880108664	142845910
564209294	626572216	808161190	938002900	980518722
992138027	159398	613429138	797511997	433549391
336669292	944368193	659914612	121682011	151422065
998444366	381832236	684854866	220990737	771034951
307734434	523624566	609061979	523550616	274291735
538407389	371570267	172133784	896274575	833204353
825781781	800296870	644031370	548667076	108055086
94066101	709201499	668295663	403987388	260824235
335667469	404523486	755541868	729431996	775225205
544678530	109141516	894846189	976548570	906069403
176570218	579725259	687597551	810580640	770001255
678736650	182364661	651478492	604143205	781811887
825808166	504686301	410751927	50523875	74598865
38179721	268751489	85682321	171818791	766373572
531392190	944389867	285683105	597880429	979243142
931901132	678894499	370030399	100521865	950500911
266267439	301255913	871210384	844206052	163957857
241197141	287651945	719064528	152656187	453108737
542370565	63852786	440364970	975719148	336878717
665359412	468422515	334751550	271169539	475745548
544394832	26920576	240747893	678342113	700220729
847516980	6386927	400938589	486590236	186695049
496188815	566309563	177753391	354035094	58799033
779549275	486655475	972636828	321839134	410107506
279789879	27244329	822178765	786399936	780246797
577322735	834400837	988793849	488773983	38466481
450767540	464034888	636842683	443388428	60784417
922421787	751978016	721411887	474153026	816813825
230570548	746739444	240989227	747686709	544998984
595111376	871600914	470370550	793475420	427192627
19636566	158985923	394441594	396222416	531209473
579676794	365621784	797565236	594438620	480955584
926972650	387487909	933721051	809948404	48834359
189801366	956534363	210088619	671950376	251917780
986608015	410733849	483457982	308825709	914720968
517884127	927788344	803292256	320477727	631793417
40822911	302103826	387823470	645947578	130884820
523124272	255505831	992298317	814560515	300913652
963525615	498546511	341316153	533388967	563371774
272827217	196181917	56848334	671536625	459073653
815074521	119521162	577647706	676300475	887978647
358954229	741039698	56064537	606742059	992015529
815957442	356429397	672366330	515202173	480659866
581610102	563186140	621513295	32771138	698287254
69980085	777535773	275716670	755177951	224893277
766815820	473921400	438596560	705958953	700980767
122115436	812217621	655470654	498216179	826875680
581692026	378715923	965359246	725588911	320656569
319596187	724542604	651861845	82947174	213497146
539439169	937442656	508643717	950035675	601110953
531308458	468817075	616133450	6325611	799652207
392381167	589458876	15114110	349148307	221665143
826363357	333481303	114224138	424919752	794288493
137058166	363462997	667255924	925804963	163867488
47825467	258668986	424968966	265050890	689644124
284281469	261183647	434805707	868901308	222765870
194281169	96532377	155805185	757083348	866158640
27237687	980208995	696576288	424063387	824581809
490374683	55723965	193133296	130073269	555225112
561691713	60390890	357710231	726516095	385949091
92947939	265128975	998328096	443565529	199847783
638645740	660485417	436171825	931847199	18035132
5666434	471744691	609604795	729485832	744129091
986825880	426626282	377590468	46691323	486620620
850540576	500135377	923464996	914088181	113961717
957649457	746865888	355542441	633197901	912501419
224480277	677520140	623524326	691309552	81550103
210124649	658106294	639885183	840370602	914408710
963551313	435221908	725792809	870503607	714659131
219530329	712547	218518607	228117661	571225608
946052564	38624924	891520288	656413169	267352
953202113	471930053	181962238	659118813	294745504
383910168	723626842	820522543	614537502	694962981
535937376	965502820	216389031	925376527	910135747
441420071	628091556	670490093	157851854	416640058
84523654	850048401	255816585	734130630	281444765
234546238	467986992	477599608	653897538	536580610
552049417	611619937	53573378	461679717	986053016
888963885	571728757	437838179	312473251	874392755
570757377	178954028	394584390	281450180	54339643
753687154	837104721	224617120	119169122	379851405
63798164	470496688	857172183	124654168	262506384
395945488	957059812	407635159	56527775	163841043
862836203	641466339	128080544	61540965	256525933
898541619	113628120	418899951	36716431	12844125
3260855	869421949	69169983	334372243	591042792
568216887	665624270	349008926	259659926	605434721
611407784	242250327	800021080	52417532	171738892
187139674	757230827	482388934	83272792	211611576
998462921	428675883	334883866	658172877	389958420
732590691	311470589	957568412	336805910	462399046
420102194	90040139	440827052	496404356	974140659
265066477	481837991	781650216	844970988	849905295
239538468	197585787	544143329	532585668	249595342
603432916	152974458	963343436	932364388	198199617
785439985	806511949	283781797	171122704	406589706
164000398	106776840	282752243	258632578	755811305
781150145	672263961	430746334	83412515	217921540
951147852	564570997	794322000	175650283	663793441
404659194	939087906	204792295	334448538	936017458
442364990	59228031	568798265	140564379	280104635
98606151	423660636	361753043	152328827	935131512
206919815	634317894	104218002	187763613	870335634
232573673	734192169	567174932	415242488	570309021
913296775	79034979	34797549	632982906	605416508
526997117	929783514	307121025	752090524	203761550
320185834	988831558	586234576	606293467	849184669
838934073	456069261	550840802	138716398	258090839
694449376	270182503	162934460	942513677	524805096
22386078	982635781	207073408	154205393	802547649
156282411	544795316	999274213	849429316	454393744
89600816	134652049	552264044	599881539	53771753
945828466	183398004	180936236	286613792	947226487
204692651	30112628	127444839	109971699	848300062
885113165	296811965	926114177	696947721	390818701
745076231	370284100	755676158	95510186	304903821
568000504	102929857	58599293	273034125	281390103
24824872	875760420	213494366	575488705	893983306
602232972	819901687	413904257	127627881	734355442
894921528	358339791	629751357	5541081	335854166
100111906	423299568	99006328	295087299	675485486
691547862	215418093	403722632	347828573	999137102
796462313	631933419	952052267	126267611	219669337
837990960	984869250	689486316	448990517	134298331
80211505	482647288	92634998	388301277	574553857
650816635	879521636	145544260	463611160	336682839
989613056	458118450	723165475	691858843	46205162
601084229	907114173	26491775	542142480	49826258
688964104	900693309	545741503	345634469	674392090
208786538	927275469	299286412	814625213	700612670
613488722	663622719	968828459	62220928	474234856
771616855	842860112	782449438	553200636	127242083
780869706	692443224	729506982	508954364	644373680
343922859	241742009	527927680	572019484	700250064
85810477	894639519	806737486	389354202	672292517
346482863	157396941	912106150	704310466	294134978
872765467	697487495	688649312	738318602	899175353
219957746	771573015	194025757	581633488	34441927
320774084	406105008	255057058	928351845	567829294
856414839	193944389	86405721	811877536	819368473
687853108	81313893	2513499	905429785	672799605
227579686	187722445	150045110	298277325	676932584
612568506	701639066	980227285	689870301	832304921
19340179	906188553	123410744	120594899	235366332
229592886	624341063	86966112	532423882	478289517
630187834	551989984	700539631	684800363	857717826
19268483	693969320	680880557	799040111	819605948
272868760	494463021	112769885	550540401	469409414
832369869	749741233	337611313	712726091	149854376
853747829	654737700	210057518	978963704	965221395
785436278	61462717	142895890	53409060	879496593
852183703	676303445	64750143	737156921	791449069
810140273	151423305	545062015	296922671	346279258
996270605	292415416	550961843	680708411	580964623
905296120	530182810	518447546	79562353	23251710
743026566	459321431	535401906	802798575	870603319
731249684	190666072	601674649	148812935	746436638
201403567	444017308	285627213	644745982	953779081
967937671	333325578	949365806	456739755	48954799
986367487	649460801	452928275	55565952	204826937
93026016	600070198	335733115	358115755	892893948
150241159	43729818	626540380	693230905	414749174
659717599	686087385	478091316	20433172	289305839
390461850	373168191	766420078	686257790	785452225
791466006	111857457	558638238	259139256	418379793
44263237	763704365	285129366	276511852	968741193
241828136	938235863	955068486	561277151	119508537
595806363	42201255	101178290	556702516	592248040
725479292	702001687	182146586	237978204	701002048
101959992	799499397	382147086	257612175	998808114
979180992	426940647	921599316	386431154	195187898
813856780	338078588	880339163	208308235	633762627
688378246	558455497	421649267	858397931	924355955
700068332	243626119	153585648	642064283	609287197
502555383	201413120	82259733	254405987	503359503
740382942	484356396	901722233	503756029	982516309
300711352	457417661	639933068	736935233	162950802
230248137	919718577	714111679	380454575	371489933
553345258	975181818	862435329	6970867	78490281
952958596	690550883	785873066	850784789	477969447
536526806	708550693	638418830	117008938	438138757
929555230	898188001	883827850	99829223	598086195
921630363	511346273	326077652	928614871	316825560
753290542	398121552	197204727	216886464	406147178
397622547	332957061	292893759	576381180	872271961
277658343	761242654	476325678	942339640	947758959
725675209	290268855	765842566	67103192	690510872
534170770	640657730	328094115	704571156	463768714
814457384	400095172	297428082	774993110	702733110
953477824	279267580	297952823	141732929	944527132
951808897	79057510	784641644	601965349	375161726
538503165	111544089	107341495	761060932	638145665
374583329	720446574	742755970	863398904	891086797
665339342	433535627	191808683	553463408	812793289
81436327	653746481	563424734	96978749	628547921
525774039	607705042	215441868	753499240	284516393
756456805	702123961	597288063	548141242	593335077
973092154	425416003	682102325	95797937	35062609
790725250	796492188	466926113	252969724	662376314
450061177	465092129	162827702	90625535	639005513
562451097	26681694	472114237	909558622	374113907
323614392	936020122	623215123	835389330	332122956
246651049	659472615	844835569	407146454	22982010
106646677	462641942	18038776	464535611	13513708
147063754	804077006	582254442	873198694	23681519
259305737	222055403	566971633	230558171	315197972
407360031	594448903	90504806	353076264	141243461
665951134	403845385	235384158	385689857	810360074
445306423	990224037	240492029	902544439	370643543
535444920	388225247	231769491	21115968	955704416
327109488	994559098	189639407	86915786	96484726
462868459	712471422	80869331	206391222	44406181
986122004	620902991	960260290	409952026	970834894
628196424	505468000	23948811	812575625	401090551
115399041	936298389	249856491	710414194	875556963
599942384	785163602	343833864	826302097	783750621
872325846	143578274	44866264	315446402	380152577
459045347	115527108	983019971	472551120	531564398
209808663	983444752	938666918	317886842	229514577
572377816	5949447	179768044	286496714	130643646
276219472	628126375	757682218	892244181	970767092
369601348	269148779	371945234	365333846	993998628
72591109	813397525	189255941	481315634	540399601
952461237	203017375	874475225	192009438	7283853
599381087	95267407	169550697	382292316	387876671
378020667	461170714	341898191	963967165	571142494
148069250	896811670	161202853	2204865	398873447
835732837	957557521	27543931	15612107	945704783
647143083	13654798	268177448	343023967	594560670
196459709	490575119	445522789	860963474	986627036
778838319	789913387	818868619	860580696	512023821
570664135	801231162	531604161	897170210	795345705
551949117	697212081	882998167	813611286	223887912
534431596	422709424	713591553	359741861	696599283
455889137	447084897	473557091	313795938	499837945
738697989	44110989	365359483	897372646	4495253
697208949	463247067	127878881	275544695	474653527
917038835	676884275	228837670	779507038	128433161
382722377	31753578	387068582	830759084	159069063
538393884	123615385	497448989	476286494	361790224
871307572	755881309	30901847	780742625	637257939
498794469	689956946	598688800	179753785	684035279
369553280	787024467	992697660	592671204	754787020
202917364	454224980	887902663	748717171	383113169
551262461	333324341	815653822	847110966	164409259
38109055	740735841	682190286	977439750	740079258
171432946	148517665	669609332	923708098	295473029
982240145	187813260	810399213	244428387	407987504
40219598	69398173	908299314	963647107	388109056
742898718	53429801	966130262	206481791	565768248
632068105	74150576	505842462	535766327	853988649
303670934	175492947	960126430	656956718	169422956
689494035	554684733	925225936	2704423	702276088
223296444	554406297	612061458	236678324	130495569
235815151	833111812	242403057	309278080	889853971
366999586	774327464	754539647	372854197	314192254
440519846	149750552	535451962	519310335	772632773
665055084	552339590	471104861	689454856	334658315
244870533	165526335	566024560	540749826	538528166
124998080	957801780	689143347	738709404	933892366
21463758	541048233	652502803	619063648	826495694
4348806	33303546	968536409	70643928	348889188
914129177	512076261	116383961	432446859	355405213
859848529	383918097	372092955	165402802	520413171
753788806	730051652	741399306	770131202	921718470
804238260	43414114	252529418	672203344	807764917
587275452	387515176	230038276	720235766	293458134
373063761	619613535	769354442	628843377	872811916
377555776	15290253	682671404	556258050	626295920
265725172	814149723	61411009	909449403	562841274
64855345	704732567	206511838	315417251	156902202
434550067	901169946	884563328	285866187	237880293
289975498	950147489	247110731	421259950	447317758
555889201	15383908	931818562	721080317	386910806
628202240	752197698	962850606	466074079	924223899
927204393	784427890	15471849	853676258	256983283
865994582	422056886	100679763	639111289	516127103
325887334	425826434	334078190	779444220	97015982
999673579	640557829	860686183	424767867	31354646
135563390	832992624	859959489	750032829	787582938
861468843	159635310	204999159	242508845	540683234
593793616	941283029	571694375	369756930	837816826
560718888	664126073	607669077	101742985	886322613
386310612	854479344	17158873	830890343	749875407
549393872	809450267	24461154	532659304	655153314
801821410	647753689	939803723	149192875	285335232
187640309	697545283	191924604	566502732	578334633
75660689	872669261	530501970	209809926	553470287
11642896	86502787	146984372	549805379	776245624
743184130	897860862	597963959	728351356	956543568
343590381	166456664	798197469	585972886	991201474
297144988	31372086	38668151	295225336	574152629
945375981	446784186	791627031	301222967	827643655
237734031	41701715	372030388	292567637	557464817
347235569	641271396	60455851	356197339	710214197
905809616	988445243	335913215	267623552	184015045
41858342	910669285	627364832	105302226	524224498
475738351	604009549	51292969	759966610	736193072
51737357	242422025	393960084	644394775	24855333
330516900	501325815	941027230	230130576	98636902
215791752	212976380	702439773	649242264	143005410
582548374	548924965	56493000	710724181	989331559
166530915	441613008	192977383	545778377	919997575
110130969	42902682	735254031	846622114	107757171
910407177	396579482	198897015	186611058	475534336
91003063	993575113	523325340	840106698	85605839
31942411	305292215	787220857	921588026	306111624
568785507	802250961	672098079	827080645	392142501
85954318	951076150	754348289	138623879	464536981
909606452	115287207	930747269	713418408	201296586
274745300	34291219	56029735	616339225	3716312
996053861	402506564	835328806	731968070	587785254
902549719	634971137	695264044	247476117	762259307
821602957	254433701	110194917	801852522	600420544
300326575	914749510	677807823	869995474	987240879
806307678	413543337	594892989	114919582	260836014
905728078	678816209	833939425	154118147	485034777
635736658	268431319	959709164	311043173	145357018
163202537	71737686	211461111	238572939	802755202
396040458	504083546	490793032	228604024	400978897
741165234	374383571	423617906	473594458	479519652
708215589	50440701	62956763	415528170	134227675
732584115	957681191	106651860	941968314	695145083
99590054	730655283	420289525	57678106	884478838
24953238	231150600	389807001	96528832	343514325
933215352	819030676	851534485	961693397	9902007
592650863	956621390	680650090	579860495	70206673
699622322	140288064	265834189	694775325	832151505
300133248	207802252	337447709	500896569	556492634
276798497	699468622	63927149	941283324	247106021
575885786	759356271	491048906	48654363	547601448
375864105	157512671	99324007	761455573	621483483
583281118	541143116	218718884	525604733	674334350
550428003	538775360	134650273	742867964	993057717
883348794	543067275	616824152	567139676	201147232
321587683	40516289	238877822	430124862	951841737
562039766	39272925	907866804	735924439	864397632
674345403	441229936	505210664	237044438	947238044
337210191	862067498	717513309	118626008	521547255
33805318	412611660	379637216	61552747	533929734
781102917	76687453	575221791	522050706	872655687
679081131	260230490	890546710	985174885	614379328
7585937	892606188	244474006	419802600	926812388
783003160	311119672	736368531	326958281	376409547
455141153	145208253	232515536	305573866	267940394
931788662	613322695	922506523	64009430	608380844
409630463	216668828	803705779	370234860	463454162
838540290	655841596	598787328	6374543	885877689
935927737	693999688	379503413	45810849	127922975
833718872	633915409	886867779	320526033	271658949
895221243	194154129	991218086	541934740	616147150
977711971	43767033	373052257	295887921	99999
618614369	584604828	34584317	472691681	20863384
142539702	372965992	298352984	950855206	691709999
351388827	519509025	369392726	666038468	26224168
278634383	57824817	280329615	501130347	285674430
444000982	24282697	133505923	481652858	184522497
713197060	161987397	639789079	172383108	477825335
993033189	497566054	819838680	830779786	377210550
640473849	151287153	951064428	61567361	164642479
250462666	764673343	157887355	353953752	309338980
763862360	581223672	789959702	351234014	958736160
202859107	504696659	486237929	781961421	157234172
708717413	599612189	265729891	86089820	272274849
300272546	149822900	873349785	987013367	622973337
594436843	650642084	58128566	576652910	855801844
511080480	618047730	780063009	585644837	698550575
804150051	206348808	352826227	524989694	71827696
608371747	606480221	913030649	676700032	960926320
200919000	527664850	198876772	389760930	167111867
304800959	924339991	455776174	502078687	455205112
801357068	212170950	136653420	582233427	116450575
761587119	369626635	768487335	205252066	441665789
782351911	38711505	435338944	359134309	690542670
771985091	688188398	195020574	401233850	974452276
794209991	819676798	614554489	264279283	708286012
796253888	414884758	613358775	756108904	865522134
978676928	433021009	372530977	725952417	69112066
745890183	864661632	662566630	838428244	777652477
148538590	288651623	652889415	57108674	400271407
208961669	965282999	715673084	997191955	934658334
611663670	287088520	828077414	275945259	983516183
877178290	33234260	326065991	738419244	396504115
208457580	88159735	973046397	204357211	860249619
192373986	112130725	44299075	809164121	107242252
684779877	469940695	925425178	574856613	497450181
933665840	23397364	889830752	73318460	746611573
588395230	367032761	202093495	662404347	161603805
83825443	237468329	538497982	796260858	124497122
684725965	986519957	798553485	639691946	592219200
361641113	52944838	205852919	874674858	326686018
777404016	714048783	377363720	792288395	254368264
370682725	435050552	639965210	89899153	449121513
849566580	29961198	643078298	786016405	962549750
779687303	709506545	130617269	461625186	202115819
144746936	423870218	318774543	635836940	94348817
547379911	171146997	341691127	927300469	301216002
638205670	473867544	873850499	597001133	952716372
438274790	800500974	586983179	597256487	192889100
677667341	808493610	193561434	178776422	924477731
786139761	486415974	940132177	385755997	303212301
795402082	359358158	907464825	904513672	659366352
856963710	661843035	335974940	679793200	721952612
795539769	41884337	939662261	177050235	546246
147693294	501734372	21234718	929455446	880394478
938970146	645937146	692796232	31345979	518170974
446024417	817909237	524758259	583975002	77820374
928526129	223982167	214573318	979518208	637322299
46899649	256699032	501472681	750544450	731665596
109119739	885987371	962828770	160659479	757341198
600476382	931752264	712288380	41228519	827027704
948857787	45531270	230909288	988051784	686326458
942135319	561596170	656102171	12987089	141051453
325694509	817590002	735961780	607782114	289797206
464234137	478133006	829473348	549906421	474473271
834967030	923730512	562978905	32729324	786566026
366754020	803352533	811936889	342687705	89866345
143931541	713375370	791952883	730684823	888925584
735572563	798255452	952830755	802999242	251098527
119136286	9291070	911414070	896031940	226792221
772356929	152360146	135954779	617640667	399415482
89400542	6659793	102694440	704344677	781183462
325640225	202760897	11082085	572723808	839582423
618422601	386355221	425593513	973678581	175432196
419072282	797261524	59923702	357546596	900046827
102658775	586177388	692670671	498469301	6514700
287321048	433173143	993376630	153221447	665018826
725613370	897889775	84946215	42558432	171438722
804675876	686490257	899150361	185070132	501781132
776384479	1466253	380735080	923400471	320022940
887954577	832466257	387045980	64811345	714079783
801631075	170004986	14206257	829963697	824571510
339225631	460853629	646927370	357069295	430357828
294266915	76517294	615539920	87916864	895778246
739925707	853955129	360475327	672253445	97995354
931399993	432949289	352721949	481994918	894470300
649924909	103641035	71187509	832063578	809283912
417064115	426847031	105898663	985691841	674908361
652163184	810560548	858198451	81477670	493140064
161138452	369504266	295731738	942761799	826093511
870533621	307284841	220670304	959291184	350854662
572869515	358774757	771212958	227174751	866016642
823881280	6755812	234089419	640262921	845493964
861976667	550396878	87770578	375626854	55795605
173413440	438515731	284984247	665478528	699985051
842350459	434997	315143439	54459847	245504801
668619079	84620116	588719939	27114382	245401194
906983627	710015973	526436135	548377308	160738386
207324210	3135650	309515681	280941408	830904251
511000561	881668029	844282461	538289736	539128021
871378980	523107698	164716755	306345012	768710686
979841068	707380170	167647609	729677433	155121833
983282828	130262312	51057669	594177722	617634094
818059311	799530747	155655331	218072211	738234880
596645827	950038427	770976286	693425394	863208191
526706292	200970683	673247062	585624290	591125883
790681079	863019549	375098130	375082184	925653452
506264999	388952996	650300210	216192185	894333150
960315750	652795496	294337287	261967379	464836522
188898456	194045386	9385552	132499931	294791746
982868425	499439729	606649942	197145682	649739757
963203821	14146236	783126835	561864053	817319809
90906763	57570277	719301038	463968730	349485221
26926230	976387436	117512500	54816275	548206609
336514273	818763616	530656596	413648570	586428663
868865605	88993663	979626523	433666039	237993782
310065866	567394596	742473270	908792890	436276625
644661662	51687979	501182145	431174543	831028757
661552754	529904961	441007529	41467075	565688156
307466180	314779096	608872766	792789284	781593887
641627016	249574188	453004506	465365985	428589836
217144228	566200243	437906186	124403803	556007218
451355804	398603007	624261796	302587704	807756998
963660295	105716488	463689846	839294549	353289377
260760695	194121415	82758729	402117882	542659726
426813956	524831971	103137228	533554668	717185976
92798613	588010645	687095739	372637086	836048555
774102953	580276798	99132367	647824247	831534564
774114731	23162522	122522922	194324837	681942424
313067977	225171378	298345203	101389784	991772030
101709081	361437714	894114412	999813927	757660349
287921804	513129927	487602332	990096347	386446486
583062629	802192776	236508809	538137913	648658972
608793040	25358570	762143983	608290964	266209333
800611650	926066888	709468854	267458189	947783570
844697202	76085364	294417827	996839415	418990750
882353759	624800013	771226186	203115320	512569772
238009879	189943217	37672789	906736226	18493315
66415459	25099043	540284523	133232754	233641832
414930606	191059909	685154841	686414187	71992104
882755278	173243620	823065706	878521295	141950915
994861683	248037900	612176313	603950337	49596447
774653915	772968569	435033750	364277827	722531783
526356197	390429198	946947255	413265644	253637526
99422151	630132773	322285950	299147585	462139274
252167459	984750992	158604618	707878566	961897905
600731339	759404885	472842017	11740298	45099923
533693594	590763990	608900477	601128403	222308728
223306958	717923788	87542898	673180423	173854371
357336629	809749654	663089351	427138817	527595462
524960961	39447262	373760859	767478093	487969364
781265895	41995595	785757908	975577409	778129322
410827124	383811908	660267124	449167307	165772293
24091360	909829286	69328618	572210164	300251457
939168495	812809121	738220296	738425644	833017139
162837187	948698068	557826763	773548422	178413237
491387227	227376291	91598432	690920679	78749815
385299901	891864237	459119024	892805049	370289155
638219143	190469650	345514241	716794990	705419446
558524749	87883854	598876323	704815454	241421523
448595330	867120081	63625646	796789550	483573323
778769687	313476198	846387679	274002499	343220407
816381167	538293346	408512286	315306145	258603395
788664192	721884430	834494656	799258438	61914520
78614141	958851143	993903594	910944255	318048163
720746113	210015805	974273411	386192724	780027220
227382816	221888315	225061002	872905844	552399614
700508543	878636938	358153530	625363597	469485486
851672163	746202550	315543335	610561460	459250245
70488721	662870726	266598048	939445677	760699181
82643285	848154950	785673487	704500150	32577179
302886547	441018137	186996142	887621092	749984566
840414294	38003799	94515075	676056097	83140266
950871528	269701587	739774111	581207410	596999647
21699471	696250194	17351314	24352704	257073489
110052656	624779904	492998514	379984991	308877194
211338553	90091695	769055405	498086751	834797886
727594106	651414904	406267332	163310526	682798723
150749915	305230860	311514817	716862117	5668800
982703163	207714054	3517028	769098968	253044347
648890033	486724974	25210152	399247113	468644710
508713314	914079392	958256760	814470620	920216743
639391912	3599653	924229474	220385275	269235397
252306172	405418166	904354892	748691340	428004056
257539157	786687287	337075373	350198186	536903168
667215470	236399293	339241972	717923471	937937539
86237782	724048682	669570766	932672337	199424331
834931445	423075254	346574312	91965015	294201345
439723447	318718634	819962030	183334003	876842828
496520334	676270110	574682093	915793024	626455090
292588234	336660164	238331128	949284720	224248898
180815209	978455672	324137796	131630697	145319136
591976531	62858093	227894163	890578749	463964868
123656043	248669422	70267574	922008986	591541470
326963951	853780678	490914048	192218346	403531603
430916585	540380944	781365863	141563323	881927693
525262512	969476778	846972348	404778592	7332164
644405676	208907301	149403619	787057300	838086629
467809506	525406683	696009940	735566127	613019827
156095121	362156687	865364073	618313878	989791499
707480679	297236814	563217115	74315828	32972187
362902473	173224642	173481315	177759749	437606342
836368282	56481339	898743166	62641821	947860011
401119133	291365312	221771911	291297313	24877150
692369093	458051274	47931997	748349632	566857145
744950857	138853358	418414267	450543457	128525958
972519088	112301185	269539764	451329354	81006854
989606646	689885451	182844434	686285513	841325214
24987852	991425588	986432410	236364898	896504438
546011967	320539999	177503834	665821700	91874629
160648067	598584072	92909484	59094928	171846907
530841882	983317706	787808542	648068227	209164858
352399669	276466788	654656886	902129881	436361680
412675347	372724234	164898198	62714897	581915073
89990309	258518153	632788571	749297037	904785640
389370166	279947844	398279746	88676249	775434810
622596965	16244330	834453409	258165305	173969432
477461570	444882254	274305707	402428373	96725673
270688288	738756583	426711359	616988919	789383830
827707891	288809699	240004047	466824965	156286257
226780800	924862357	759735470	262371662	864150976
961789327	822599427	115366095	991923261	774884169
449116120	210322836	106350697	730667586	698151611
710376137	455821814	424857437	424464018	891817022
908910093	744197962	484449121	336190458	688546424
672484267	273058341	984847924	914618917	400923264
729470517	149239629	669894842	593730351	407798898
300161387	19052311	832282811	855125507	494067695
612336693	806012371	244504008	704729796	596184801
