282857941	8556923	254569304	432568513	920607490
879279021	34811854	20067535	950840057	506975118
189791795	308641773	397794220	805485063	692778586
700964766	523714123	337687566	549355791	752074437
891592537	480442255	307391955	432412980	551481506
800609296	811211192	772994603	471704637	390294916
213027742	88959668	894598559	751773652	340752667
165152612	237798301	180071954	962058194	898528903
858569275	761401967	761549319	440771391	698224406
177047312	549947108	392695228	312364896	339495006
786534959	201299135	633148063	230087358	513310442
895122694	914869141	173243736	257751615	250065814
761794965	72367104	746392767	162081643	872467363
230048858	74857246	549348906	622755628	669780566
922921259	72979316	18857709	397267054	489395067
234790691	367181253	972698994	785123396	849484115
173445309	823826315	384078311	481426721	949795866
684296569	256805319	426529363	228709330	440849086
436055962	997370801	376311784	65596245	171285582
286879772	935420195	234178635	988872220	333894215
